0510 1209 200 213 185
0510 1225 220 220 205
0510 1406 215 227 208
0510 2230 206 211 198
0511 0106 220 221 210
0511 0731 225 233 205
0511 1130 222 222 196
0511 1500 218 217 200
0511 1758 225 220 212
0511 2323 226 219 214
0512 0730 225 202 200
0512 0833 222 221 206
0512 0859 231 225 210
0512 1149 213 214 216
0512 1324 210 207 205
0512 2137 220 215 203
0512 2346 230 217 208
0513 0830 225 211 207
0513 1125 231 217 216
0513 1239 209 215 209
0513 2035 211 212 205
0514 0837 220 228 210
0514 1110 219 226 208
0514 1240 214 215 202
0514 1550 215 212 209
0514 2210 209 202 191
0514 2315 219 209 202
0515 0748 207 208 195
0515 1016 217 217 211
0515 1209 206 213 198
0515 1556 216 203 204
0515 1755 216 207 201
0515 2050 193 196 181 did almost a full day starting the monitor from ~25cm. then went for a few kms of biking. the current -4.25d glasses felt weak. my eyes were very dry after the biking. i also felt a weak pain or pressure in my eyes, as if they were exhausted or tired. it's very hard to focus now.
0515 2227 206 207 197
0516 0818 226 223 206
0516 0930 210 215 203
0516 1218 221 224 209 i tried doing some active focusing outside (not much though).
0516 1402 220 221 207
0516 1832 220 220 199
0516 2132 222 220 203
0516 2237 227 214 205
0517 0720 241 224 212
0517 1138 225 216 204
0517 1232 216 211 201
0517 1403 231 223 202
0517 1857 223 223 203
0517 2130 220 206 201
0517 2245 220 221 210
0518 0635 224 221 220
0518 0754 235 238 216
0518 1318 229 228 205
0518 1541 226 216 206
0518 1727 228 221 209
0518 2055 215 218 207
0518 2215 218 220 205
0519 0756 216 220 210
0519 1041 235 221 218
0519 1709 225 223 216
0519 2031 218 214 197
0519 2347 220 222 200
0520 0648 223 210 205
0520 0851 220 215 204
0520 1149 225 218 209
0520 1526 216 212 202
0520 1756 221 212 214
0520 2148 207 204 200
0520 2331 220 209 202
0521 0240 224 224 208
0521 0741 219 221 214
0521 1210 215 212 204
0521 1335 227 222 210
0521 1655 212 218 206
0521 2055 215 213 209
0522 0004 217 217 203
0522 0826 222 229 214
0522 1117 223 225 205
0522 1744 220 218 206
0522 2136 218 214 203
0522 2353 218 206 204
0523 0210 225 224 207
0523 0423 221 221 209
0523 0749 221 216 205
0523 1548 217 217 200
0523 1829 213 223 197
0524 0342 218 220 207
0524 0918 213 220 212
0524 1126 217 218 204
0524 1343 225 220 207
0524 1839 207 217 201
0524 2134 212 212 202
0525 0701 223 214 214
0525 1322 217 220 214
0525 2032 215 225 213
0525 2254 216 212 201
0526 0744 223 219 213
0526 1100 230 228 216
0526 1419 225 230 214
0526 2310 205 204 201
0527 0743 213 213 205
0527 1205 214 209 203
0527 1751 218 211 198
0527 2317 216 210 201
0528 0704 219 227 204
0528 1604 222 221 203
0528 1904 215 207 199
0528 2249 213 209 208
0529 0714 217 215 200
0529 1604 222 221 203
0529 2010 204 203 199
0529 2326 212 208 203
0530 0722 217 220 200
0530 1531 209 216 201
0530 2350 213 215 212
0531 0350 210 203 202
0531 0841 225 215 210
0531 1154 218 220 208
0531 1353 208 200 197
0531 1856 212 216 205
0531 2324 218 209 203
0601 0706 216 208 205
0601 1309 206 213 189
0601 2328 215 206 200
0602 0837 213 222 197
0602 1322 215 216 209
0602 1956 209 206 203
0602 2300 215 208 207
0603 0737 213 228 206
0603 1149 220 231 210
0603 1530 228 215 206
0603 2320 214 211 198
0604 0638 213 211 202
0604 1327 221 216 206
0604 1754 209 213 190
0604 2112 205 201 197
0604 2312 212 217 206
0605 0826 210 216 206
0605 1204 214 217 199
0605 1826 221 222 201
0605 2150 205 203 198
0606 0634 213 215 205
0606 1355 217 215 199
0606 1602 212 219 205
0606 2216 204 204 191
0607 0633 211 200 198
0607 1149 217 214 197
0607 1236 205 214 200
0607 1854 210 216 185
0607 2233 208 203 203
0608 0613 206 208 202
0608 1306 214 212 198
0608 2130 204 201 195
0609 0831 213 211 205
0609 1156 226 225 214 it's a bit cloudy outside so no sunlight. i also noticed that if my target is well lit, i can focus on it from a bit larger distance. and the focus remains even if i slowly move the target back to a less lit place. so i cheated a little bit like that for this measurement. the other change is that i switched back to using my normal glasses for computer work.
0609 1747 213 218 208
0609 2236 214 212 204
0610 0743 213 215 205
0610 1302 220 220 212
0610 2223 205 202 195
0611 0607 209 213 208
0611 1225 208 207 202
0611 2308 211 213 200
0612 0735 216 212 201
0612 1320 206 212 195
0612 1634 212 212 208
0612 2300 213 214 202
0613 0655 214 211 197
0613 1251 215 216 215
0613 2317 223 215 211
0614 0744 212 212 199
0614 1335 225 219 209
0614 2303 224 230 212
0615 0658 221 213 215
0615 1300 225 223 204
0615 2248 215 211 203
0616 0740 213 211 202
0616 1258 225 216 209
0616 2223 208 202 203
0617 0841 231 228 217
0617 1226 223 218 217
0617 2340 210 211 204
0618 0752 215 219 220
0618 1147 220 225 204
0618 2354 212 206 196
0619 0856 220 208 209
0619 1140 214 216 211
0619 2209 206 218 207
0620 0806 229 223 215
0620 1336 230 232 224
0620 2221 213 219 198
0621 0812 233 233 223
0621 1321 222 218 210
0621 2240 210 212 201
0622 0721 224 220 213
0622 1311 212 213 213
0622 2236 216 214 204
0623 0746 221 229 216
0623 2311 218 206 202
0624 0802 220 225 206
0624 1651 215 214 215
0624 2342 218 215 200
0625 0820 217 217 218
0625 1209 216 213 216
0625 2303 208 207 200
0626 0847 207 214 211
0626 1559 219 219 215
0626 2331 210 214 191
0627 0622 216 207 201
0627 1404 219 214 205
0627 2259 207 210 200
0628 0920 215 211 218
0628 1331 219 219 218
0628 2344 216 213 200
0629 0711 200 200 193
0629 1519 218 221 211
0629 2305 213 206 199
0630 0806 223 216 199
0630 1440 223 220 216
0630 2314 205 214 204
0701 0745 235 230 228
0701 1237 228 222 211
0701 2314 218 213 204
0702 0847 222 219 226
0702 1332 223 219 215
0702 2337 226 216 214
0703 0755 213 212 220
0703 1308 224 222 213
0704 0722 223 222 221
0704 1210 222 226 223
0704 2319 214 206 205
0705 0707 213 219 214
0705 1243 214 215 207
0705 2245 216 214 209
0706 0719 230 226 218
0706 1303 221 222 207
0707 0736 224 220 215
0707 1215 220 214 212
0708 1003 225 216 217
0708 1701 221 218 213
0709 0719 232 233 221
0709 1426 219 215 211
0710 0900 224 220 217
0710 1259 221 216 214
0711 1248 219 216 200
0712 0848 217 224 218
0713 0826 221 216 220
0713 1614 220 212 212
0717 0823 214 223 220
0714 1536 215 219 216
0715 0849 222 215 215
0715 1523 226 217 214
0716 0738 220 212 214
0716 1412 218 216 203
0717 0854 220 217 213
0717 1541 219 219 210
0718 0911 223 215 212
0718 1314 220 223 214
0719 1223 217 215 215
0720 0730 234 222 219
0720 1800 227 228 213
0721 0805 230 225 219
0721 1232 225 215 210
0722 0800 229 224 219
0722 1306 223 214 207
0722 1950 213 208 202
0723 0911 214 210 209
0723 1809 211 213 205
0724 0856 213 211 196
0724 1815 213 217 206
0725 0946 216 213 215
0725 1634 219 211 198
0726 1008 206 212 202
0727 2124 201 198 196
0728 0848 210 219 210
0729 0950 223 217 213
0730 0830 211 217 213
0731 0917 220 223 222
0801 1020 214 213 217
0802 1419 211 215 207
0803 0803 217 214 213
0804 0932 213 214 205
0805 1106 223 221 211
0806 0817 220 220 218
0807 0910 218 219 216
0808 0804 214 212 215
0809 0850 218 216 214
0810 0920 217 212 204
0811 0917 220 219 215
0812 0846 219 217 213
0813 0701 220 223 213
0814 0700 215 218 209
0815 0520 227 223 209
0816 0649 217 214 210
0817 0803 220 219 217
0818 0754 224 222 212
